[  553,  540,  531,  516,  546,  545,  594,  608,  593,  549,  495,  467,  468,  461,  440,  415,  403,  388,  393,  385,  396 ...
   397,  407,  398,  452,  464,  482,  524,  532,  496,  471,  469,  474,  441,  383,  380,  377,  376,  356,  389,  409,  420 ...
   429,  428,  445,  425,  444,  456,  466,  427,  404,  394,  391,  399,  382,  362,  361,  358,  318,  302,  297,  293,  285 ...
   278,  309,  319,  315,  303,  327,  349,  366,  367,  354,  350,  307,  320,  308,  287,  290,  286,  283,  275,  258,  254 ...
   228,  250,  282,  279,  249,  221,  210,  204,  214,  222,  216,  206,  193,  197,  188,  185,  172,  158,  164,  144,  136 ...
   198,  201,  177,  173,  202,  211,  217,  218,  223,  219,  225,  273,  260,  232,  238,  255,  259,  288,  299,  311,  333 ...
   347,  304,  276,  310,  291,  298,  316,  324,  321,  329,  328,  339,  345,  371,  346,  335,  336,  330,  305,  277,  267 ...
   268,  272,  280,  252,  236,  234,  205,  220,  227,  274,  300,  284,  244,  243,  251,  235,  233,  239,  231,  224,  176 ...
   178,  167,  179,  168,  163,  161,  157,  160,  156,  159,  119,  112,  107,  111,  114,  117,  130,  139,  135,  149,  154 ...
   203,  189,  175,  166,  155,  150,  200,  186,  199,  207,  230,  264,  241,  226,  194,  183,  174,  153,  146,  138,  141 ...
   145,  148,  152,  129,  128,  116,  102,  101,   94,  106,  122,  103,   99,   96,   87,   78,   64,   82,   97,   88,   61 ...
    59,   48,   35,   32,   30,   33,   37,   52,   57,   62,   70,   89,   90,  108,  104,  113,  131,  137,  142,  140,  134 ...
   132,  125,  151,  147,  143,   98,   92,   95,   83,   39,   43,   51,   69,   60,   55,   71,   65,   49,   42,   38,   31 ...
    29,   20,   23,   13,   14,    9,   12,   15,   10,    8,    4,    5,    7,   17,   19,   21,   24,   26,   28,   34,   40 ...
    41,   66,  100,  123,  105,   72,   56,   53,   50,   44,   54,   63,   73,   74,   75,   67,   58,   68,   76,  109,  110 ...
   118,  171,  170,  187,  180,  162,  165,  169,  191,  195,  212,  215,  196,  184,  192,  181,  133,   93,   80,   79,   85 ...
    84,   77,   46,   45,   36,   25,   22,   11,    2,    1,    3,    6,   18,   16,   27,   47,   81,   86,   91,  115,  127 ...
   182,  213,  209,  246,  256,  247,  257,  229,  240,  242,  248,  271,  314,  326,  357,  379,  421,  463,  481,  501,  483 ...
   473,  449,  455,  460,  472,  509,  513,  519,  515,  520,  522,  518,  527,  544,  539,  543,  551,  517,  512,  526,  536 ...
   523,  494,  500,  490,  504,  476,  480,  479,  453,  465,  470,  462,  454,  426,  443,  412,  402,  375,  419,  384,  374 ...
   353,  348,  325,  322,  337,  338,  317,  313,  289,  281,  263,  270,  296,  295,  269,  262,  237,  253,  292,  331,  312 ...
   294,  245,  190,  124,  121,  120,  126,  208,  266,  265,  261,  306,  301,  332,  340,  364,  368,  343,  365,  352,  372 ...
   387,  401,  381,  395,  424,  459,  489,  492,  514,  557,  498,  499,  485,  493,  508,  535,  537,  567,  602,  572,  585 ...
   576,  558,  559,  591,  614,  623,  633,  632,  622,  618,  613,  630,  621,  590,  612,  617,  589,  580,  575,  579,  584 ...
   611,  601,  600,  578,  560,  556,  542,  562,  571,  581,  577,  607,  637,  642,  665,  671,  664,  663,  659,  650,  588 ...
   586,  564,  548,  604,  610,  624,  616,  619,  615,  631,  640,  643,  646,  645,  644,  655,  658,  687,  691,  697,  708 ...
   709,  715,  721,  720,  719,  731,  730,  728,  729,  733,  732,  727,  726,  725,  722,  716,  711,  706,  703,  700,  698 ...
   702,  707,  714,  717,  718,  713,  710,  701,  704,  705,  696,  695,  688,  685,  678,  672,  682,  674,  681,  690,  699 ...
   686,  677,  673,  689,  684,  680,  670,  648,  662,  649,  647,  620,  625,  638,  657,  669,  660,  654,  666,  651,  627 ...
   628,  629,  605,  609,  606,  599,  592,  573,  552,  570,  555,  538,  530,  533,  541,  534,  507,  486,  475,  478,  497 ...
   511,  503,  488,  451,  447,  446,  448,  439,  438,  411,  390,  392,  410,  408,  418,  416,  422,  436,  442,  458,  435 ...
   510,  529,  525,  521,  506,  491,  484,  450,  434,  432,  423,  413,  414,  386,  400,  378,  370,  369,  360,  351,  342 ...
   334,  323,  341,  355,  344,  359,  363,  373,  406,  405,  417,  430,  433,  431,  437,  457,  477,  502,  487,  505,  569 ...
   582,  597,  583,  561,  550,  563,  574,  587,  598,  626,  636,  635,  639,  653,  656,  676,  675,  694,  683,  693,  724 ...
   734,  723,  712,  692,  679,  668,  661,  641,  603,  596,  568,  528,  554,  547,  566,  634,  652,  667,  595,  565,  553 ]
