Random
11.0934   10.5956   13.5469   14.9314   11.2176   14.0005   12.7047   12.9929   12.8626   15.4629

Uruguay
76.0757   84.9398   85.1276   87.8175   95.5295   96.7461   95.5240  118.8792   95.7573   85.7651

Optimized GA
23.8428   24.0118   24.1453   24.3407   23.9818   24.7051   32.1473   24.1184   23.6889   23.9074

Optimized GA paths lengths
206514.231106955          204117.041713136          206966.746769827          204830.551649304
201210.129498262          202965.116277743          209856.890205647          200067.995666159
200660.027259433          204492.527011874